begdate = datenum(2020,02,08);
enddate = datenum(2020,08,29);
dateseq = begdate:7:enddate;
% dD_data = [ ...
%     0 
%     0 
%     0 
%     0 
%     0 
%     0
%     0.000193656
%     0.000697162
%     0.002333555
%     0.005199665
%     0.005131885
%     0.007281467
%     0.004851084
%     0.005054423
%     0.0045606
%     0.002701502
%     0.004115191
%     0.00279833
%     0.002081802
%     0.001926878
%     0.002197996
%     0.001355592
%     0.001026377
%     0.000900501
%     0.000755259
%     0.000445409
%     0.000193656
%     0.000193656 ...
% ];
dD_data = [ ...
    0.00E+00
    0.00E+00
    0.00E+00
    0.00E+00
    0.00E+00
    6.78E-05
    2.71E-04
    1.32E-03
    3.57E-03
    6.00E-03
    6.62E-03
    5.54E-03
    5.26E-03
    5.01E-03
    4.09E-03
    3.55E-03
    2.80E-03
    2.61E-03
    2.33E-03
    2.03E-03
    1.49E-03
    1.10E-03
    8.91E-04
    5.91E-04
    4.55E-04
    1.84E-04
    1.94E-04
    2.03E-04
    1.65E-04
    8.71E-05 ...
];